667
748
400
305
323
489
549
24
125
421
357
352
640
538
570
378
294
456
154
483
121
201
369
486
690
389
349
397
311
515
230
497
682
914
301
488
811
78
442
441
360
473
210
245
148
411
491
258
688
656
693
621
520
610
540
739
692
267
457
708
672
809
658
691
667
650
569
140
98
347
329
504
694
554
785
174
704
90
314
4
588
766
784
533
275
850
176
614
506
334
356
933
89
300
827
864
641
992
575
970
986
954
499
532
877
260
767
867
605
964
48
779
963
669
865
654
109
820
181
66 242
969
946 981
844
823
460
874
84 289
551
348
611
741
696 953
807
574
508
539
423
756
285 524
365 856
646
985 999
938
479
296
71 262
802
633 835
830
902 967
962
393
564 977
0 8
295 620
86 341
552 932
32 91
922
542 881
974 979
387
138 521
318 686
95 344
153 661
101 392
709 737
579 625
76 263
909 911
250 458
916 996
582 643
599 675
226 415
997
290 617
390 991
195 894
628 825
57 169
173 797
253 461
899
449 494
418 424
972
47 114
171 814
596
567
23
476 674
824 876
359 846
429
788 810
934 990
577 612
712
622 801
161 795
338 813
134 543
528 832
238 413
436
782 973
151 619
307 670
185 847
259 475
711 763
887
724
189
373 873
759 920
750 866
466 544
80 339
395 993
607 760
589 662
353 817
627
723
270 513
699 984
117 469
793 818
637 862
769 943
399 410
657 872
28
1
368 929
534 858
635 841
158 744
385 982
684 937
199 995
64 204
774 952
595 697
883 957
165 796
336 751
147 615
383 960
190 861
753 879
129 511
231 401
115 409
495 716
216
59 183
717 805
562 956
525 808
666 891
405 422
236 438
631 833
681 915
376 885
586 653
327 735
218 386
241
547 912
518 800
660 853
428 454
30 88
559
689 947
44 108
898 965
919 927
594
838 949
568 988
498 726
503 765
123 470
731 857
273 522
414 444
20 51
131 553
12 27
126 471
9
673 903
871 930
345 840
303
572 583
304 665
463
905
601 705
443 482
936
896
706
246 447
786
806 834
180 837
206 243
895
892 958
512 770
331 740
597
156 721
97 372
761
998
37 94
464 537
480
951
742
426 452
286
103
439
923
609 794
272
987
490 703
38
52 162
81
450
281
228
942
728
68 249
931
73
743
6 15
888
702
648
509
557
799
453
484 701
223 402
313
531
54 118
746
913
638
325
644
309
536
322 714
941 961
434 455
5
939
526
104 408
768
145
279
266 481
975
994
193
214 256
875
144 581
754
926
978
722
971
616
755
184
959
924
889
966
983
645
652
955
219
278
950
908
391
19
446
406
451
745
757
935
925
211
736
730
944
869
514
222
907
725
472
302
505
63
948
852
878
829
880
196
677
435
268
516
265
70
561
647
500
906
775
22
555
890
493
826
100
74
921
821
893
626
629
812
777
209
886
803
764
855
255
247
917
976
815
467
194
179
364
733
550
358
233
900
804
707
462
771
560
576
229
831
989
870
663
604
713
822
843
851
859
849
863
727
613
842
790
839
178
642
860
83
848
381
845
623
502
468
202
787
792
602
25
791
819
679
854
732
565
734
671
776
655
649
584
412
680
778
361
277
836
225
772
729
747
678
718
254
719
440
425
433
41
507
430
333
546
404
370
159
606
13
485
477
298
11
541
519
235
396
780
287
113
448
107
351
591
556
431
14
592
377
374
205
251
312
367
416
332
354
197
60
239
738
261
593
328
320
326
687
380
530
274
420
299
276
186
7
217
127
284
342
362
142
75
187
340
639
136
315
212
92
346
111
317
232
149
282
39
135
208
203
21
308
379
319
220
106
283
316
34
292
213
77
293
139
112
240
192
177
170
35
50
141
122
43
166
167
62
87
164
3
17
132
120
110
56
45
42
33
29
16